450    2.510500   0.69297
460    2.520410   0.66511
470    2.530790   0.63793
480    2.541180   0.61046
490    2.550810   0.58218
500    2.558820   0.55303
510    2.564480   0.52339
520    2.567300   0.49394
530    2.567150   0.46551
540    2.564230   0.43903
550    2.559150   0.41536
560    2.552930   0.39524
570    2.547410   0.3792
580    2.545870   0.36482
590    2.545590   0.34867
600    2.544940   0.33154
610    2.543430   0.31396
620    2.540870   0.29634
630    2.537210   0.27901
640    2.532490   0.26221
650    2.526770   0.24613
660    2.520160   0.23092
670    2.512780   0.21672
680    2.504770   0.2036
690    2.496260   0.19163
700    2.487400   0.18085
710    2.478350   0.17128
720    2.469250   0.16289
730    2.460250   0.15565
740    2.451490   0.1495
750    2.443070   0.14437
760    2.435100   0.14015
770    2.427670   0.13674
780    2.420840   0.13402
790    2.414650   0.13188
800    2.409120   0.13018
810    2.404250   0.12882
820    2.400020   0.12769
830    2.396410   0.12668
840    2.393370   0.12571
850    2.390850   0.12471
860    2.388780   0.1236
870    2.387100   0.12235
880    2.385750   0.12091
890    2.384660   0.11927
900    2.383770   0.1174
910    2.383020   0.11531
920    2.382350   0.113
930    2.381720   0.11047
940    2.381070   0.10776
950    2.380380   0.10486
960    2.379610   0.10181
970    2.378730   0.09863
980    2.377720   0.09535
990    2.376550   0.09198
1000   2.375220   0.08856
1010   2.373700   0.0851
1020   2.371980   0.08163
1030   2.370060   0.07817
1040   2.367910   0.07473
1050   2.365510   0.07134
1060   2.362850   0.06801
1070   2.359890   0.06476
1080   2.356560   0.06163
1090   2.352800   0.05867
1100   2.348530   0.05598
1110   2.343650   0.05374
1120   2.338120   0.05218
1130   2.331980   0.05166
1140   2.325430   0.05257
1150   2.318890   0.05527
1160   2.312990   0.06001
1170   2.308560   0.06675
1180   2.306420   0.07506
1190   2.307240   0.08416
1200   2.311350   0.09294
1210   2.318550   0.10023
1220   2.328210   0.10496
1230   2.339280   0.10647
1240   2.350580   0.1045
1250   2.360990   0.09932
1260   2.369590   0.09153
1270   2.375830   0.08196
1280   2.379490   0.07149
1290   2.380680   0.06095
1300   2.379700   0.05097
1310   2.377030   0.04201
1320   2.373140   0.0343
1330   2.368520   0.02792
1340   2.363540   0.02278
1350   2.358520   0.01876
1360   2.353640   0.01567
1370   2.349040   0.01332
1380   2.344780   0.01153
1390   2.340870   0.01017
1400   2.337290   0.00911
1410   2.334020   0.00827
1420   2.331020   0.00758
1430   2.328260   0.007
1440   2.325700   0.0065
