450    3.125730   0.85429
460    3.115360   0.80529
470    3.102420   0.76032
480    3.086870   0.71966
490    3.069000   0.68405
500    3.049670   0.6544
510    3.030500   0.63133
520    3.013610   0.61469
530    3.001130   0.60319
540    2.994440   0.59454
550    2.993680   0.58598
560    2.997680   0.57502
570    3.004300   0.56013
580    3.011100   0.54103
590    3.016030   0.51857
600    3.017860   0.49434
610    3.016370   0.47018
620    3.012550   0.44755
630    3.007310   0.42633
640    3.000970   0.40695
650    2.994360   0.38952
660    2.988180   0.37367
670    2.982770   0.35879
680    2.978140   0.34426
690    2.974010   0.32958
700    2.969970   0.31449
710    2.965530   0.29894
720    2.960300   0.2831
730    2.953990   0.26727
740    2.946490   0.25183
750    2.937810   0.23715
760    2.928110   0.22356
770    2.917640   0.2113
780    2.906700   0.20054
790    2.895590   0.19133
800    2.884650   0.18362
810    2.874120   0.1773
820    2.864240   0.1722
830    2.855170   0.16812
840    2.846990   0.16481
850    2.839760   0.16206
860    2.833460   0.15965
870    2.828030   0.1574
880    2.823400   0.15513
890    2.819440   0.15271
900    2.816050   0.15006
910    2.813080   0.14711
920    2.810430   0.14382
930    2.807960   0.14019
940    2.805570   0.13621
950    2.803160   0.13192
960    2.800660   0.12736
970    2.797990   0.12256
980    2.795090   0.11758
990    2.791910   0.11247
1000   2.788420   0.10729
1010   2.784580   0.10207
1020   2.780360   0.09688
1030   2.775720   0.09175
1040   2.770610   0.08674
1050   2.764980   0.08192
1060   2.758760   0.07737
1070   2.751860   0.07322
1080   2.744230   0.06965
1090   2.735810   0.06692
1100   2.726650   0.06536
1110   2.716910   0.06536
1120   2.706930   0.06731
1130   2.697220   0.07151
1140   2.688490   0.07811
1150   2.681540   0.087
1160   2.677200   0.09775
1170   2.676110   0.10961
1180   2.678670   0.12155
1190   2.684870   0.13247
1200   2.694290   0.14126
1210   2.706170   0.14706
1220   2.719510   0.14932
1230   2.733200   0.14786
1240   2.746190   0.14288
1250   2.757630   0.13487
1260   2.766870   0.1245
1270   2.773550   0.11255
1280   2.777580   0.0998
1290   2.779040   0.08694
1300   2.778220   0.07455
1310   2.775480   0.06306
1320   2.771240   0.05274
1330   2.765920   0.04374
1340   2.759910   0.03609
1350   2.753520   0.02974
1360   2.747020   0.02456
1370   2.740620   0.0204
1380   2.734450   0.01713
1390   2.728600   0.01457
1400   2.723100   0.01258
1410   2.717980   0.01105
1420   2.713230   0.00986
1430   2.708830   0.00894
1440   2.704740   0.00821
