450    2.712680   0.28164
460    2.690220   0.26712
470    2.669160   0.2557
480    2.649560   0.24727
490    2.631710   0.2419
500    2.616270   0.23978
510    2.605090   0.241
520    2.600050   0.24139
530    2.597580   0.23915
540    2.596260   0.23482
550    2.595320   0.22888
560    2.594360   0.22174
570    2.593120   0.21375
580    2.591490   0.2052
590    2.589400   0.19632
600    2.586840   0.18731
610    2.583850   0.1783
620    2.580450   0.16942
630    2.576690   0.16073
640    2.572610   0.15231
650    2.568280   0.14418
660    2.563720   0.13638
670    2.558980   0.12891
680    2.554090   0.12179
690    2.549070   0.11502
700    2.543970   0.10859
710    2.538780   0.1025
720    2.533530   0.09675
730    2.528240   0.09133
740    2.522900   0.08625
750    2.517540   0.08149
760    2.512160   0.07707
770    2.506780   0.07299
780    2.501400   0.06925
790    2.496060   0.06586
800    2.490750   0.06283
810    2.485520   0.06015
820    2.480390   0.05782
830    2.475390   0.05585
840    2.470550   0.05421
850    2.465910   0.05289
860    2.461490   0.05188
870    2.457320   0.05114
880    2.453420   0.05063
890    2.449820   0.05033
900    2.446520   0.05019
910    2.443540   0.05016
920    2.440860   0.05021
930    2.438480   0.0503
940    2.436380   0.05038
950    2.434550   0.05043
960    2.432960   0.05041
970    2.431580   0.0503
980    2.430390   0.05007
990    2.429350   0.04972
1000   2.428420   0.04923
1010   2.427590   0.0486
1020   2.426810   0.04783
1030   2.426070   0.04693
1040   2.425330   0.0459
1050   2.424580   0.04475
1060   2.423790   0.04349
1070   2.422940   0.04215
1080   2.422030   0.04073
1090   2.421040   0.03924
1100   2.419960   0.03771
1110   2.418780   0.03614
1120   2.417490   0.03456
1130   2.416090   0.03296
1140   2.414580   0.03138
1150   2.412940   0.02981
1160   2.411160   0.02828
1170   2.409230   0.0268
1180   2.407140   0.02539
1190   2.404870   0.02407
1200   2.402400   0.02289
1210   2.399730   0.0219
1220   2.396850   0.02115
1230   2.393780   0.02073
1240   2.390550   0.02071
1250   2.387230   0.02118
1260   2.383930   0.02222
1270   2.380780   0.02387
1280   2.377940   0.02615
1290   2.375580   0.02902
1300   2.373870   0.03238
1310   2.372970   0.03609
1320   2.372960   0.03996
1330   2.373910   0.04375
1340   2.375790   0.04723
1350   2.378500   0.05018
1360   2.381900   0.05241
1370   2.385790   0.05377
1380   2.389940   0.0542
1390   2.394130   0.05367
1400   2.398130   0.05224
1410   2.401760   0.05
1420   2.404870   0.04709
