450    2.332970   0.34978
460    2.335900   0.33267
470    2.337520   0.31534
480    2.337730   0.29812
490    2.336520   0.28132
500    2.333970   0.26527
510    2.330230   0.25025
520    2.325560   0.23653
530    2.320330   0.22437
540    2.315320   0.2139
550    2.311160   0.20393
560    2.306960   0.19408
570    2.302480   0.18457
580    2.297680   0.17558
590    2.292600   0.16722
600    2.287320   0.15957
610    2.281970   0.15268
620    2.276660   0.14653
630    2.271500   0.14108
640    2.266580   0.13628
650    2.261990   0.13203
660    2.257770   0.12824
670    2.253930   0.12479
680    2.250490   0.12159
690    2.247410   0.11855
700    2.244650   0.11559
710    2.242150   0.11265
720    2.239860   0.10968
730    2.237710   0.10668
740    2.235640   0.10363
750    2.233590   0.10053
760    2.231530   0.09741
770    2.229410   0.0943
780    2.227210   0.09123
790    2.224920   0.08823
800    2.222540   0.08534
810    2.220060   0.08259
820    2.217510   0.08001
830    2.214900   0.07761
840    2.212260   0.07543
850    2.209610   0.07346
860    2.206980   0.07171
870    2.204390   0.07019
880    2.201880   0.06888
890    2.199470   0.06777
900    2.197170   0.06685
910    2.195010   0.0661
920    2.193000   0.06549
930    2.191140   0.06502
940    2.189460   0.06464
950    2.187940   0.06435
960    2.186590   0.06411
970    2.185410   0.06392
980    2.184390   0.06374
990    2.183510   0.06356
1000   2.182780   0.06337
1010   2.182180   0.06315
1020   2.181690   0.06289
1030   2.181310   0.06258
1040   2.181020   0.06221
1050   2.180810   0.06178
1060   2.180660   0.06129
1070   2.180570   0.06072
1080   2.180510   0.06009
1090   2.180480   0.05939
1100   2.180470   0.05862
1110   2.180460   0.05778
1120   2.180450   0.05689
1130   2.180430   0.05594
1140   2.180400   0.05493
1150   2.180340   0.05388
1160   2.180250   0.05279
1170   2.180120   0.05166
1180   2.179960   0.0505
1190   2.179750   0.04931
1200   2.179490   0.0481
1210   2.179180   0.04687
1220   2.178820   0.04563
1230   2.178400   0.04439
1240   2.177920   0.04314
1250   2.177370   0.04189
1260   2.176750   0.04066
1270   2.176050   0.03943
1280   2.175270   0.03823
1290   2.174390   0.03706
1300   2.173400   0.03595
1310   2.172300   0.03491
1320   2.171080   0.03397
1330   2.169740   0.03316
1340   2.168290   0.03254
1350   2.166760   0.03215
1360   2.165190   0.03203
1370   2.163640   0.03221
1380   2.162180   0.03271
1390   2.160910   0.03355
1400   2.159910   0.03468
1410   2.159270   0.03604
1420   2.159070   0.03755
1430   2.159350   0.03911
1440   2.160120   0.04058
