450    3.391980   0.60482
460    3.343210   0.57081
470    3.302430   0.54637
480    3.269510   0.5283
490    3.243750   0.51409
500    3.224130   0.50188
510    3.209490   0.49039
520    3.198760   0.47886
530    3.190940   0.46685
540    3.185270   0.45424
550    3.181200   0.44107
560    3.178580   0.42747
570    3.177770   0.41264
580    3.177160   0.39583
590    3.175890   0.37772
600    3.173610   0.35883
610    3.170140   0.33963
620    3.165460   0.3205
630    3.159590   0.30176
640    3.152630   0.28366
650    3.144710   0.26641
660    3.135990   0.25018
670    3.126650   0.23507
680    3.116860   0.22115
690    3.106830   0.20844
700    3.096710   0.19692
710    3.086680   0.18653
720    3.076860   0.17719
730    3.067380   0.16878
740    3.058310   0.1612
750    3.049690   0.1543
760    3.041540   0.14797
770    3.033850   0.14209
780    3.026590   0.13655
790    3.019710   0.13128
800    3.013150   0.12622
810    3.006830   0.12133
820    3.000700   0.11659
830    2.994700   0.11202
840    2.988780   0.10763
850    2.982930   0.10344
860    2.977120   0.09951
870    2.971360   0.09585
880    2.965660   0.09251
890    2.960070   0.08951
900    2.954620   0.08686
910    2.949360   0.08455
920    2.944330   0.08258
930    2.939580   0.08091
940    2.935150   0.0795
950    2.931060   0.0783
960    2.927340   0.07725
970    2.923980   0.0763
980    2.920980   0.07538
990    2.918310   0.07445
1000   2.915950   0.07345
1010   2.913860   0.07233
1020   2.912000   0.07107
1030   2.910310   0.06965
1040   2.908750   0.06804
1050   2.907260   0.06625
1060   2.905810   0.06427
1070   2.904360   0.06213
1080   2.902850   0.05983
1090   2.901260   0.0574
1100   2.899570   0.05486
1110   2.897750   0.05224
1120   2.895780   0.04957
1130   2.893660   0.04687
1140   2.891370   0.04416
1150   2.888910   0.04147
1160   2.886270   0.03883
1170   2.883440   0.03625
1180   2.880430   0.03374
1190   2.877220   0.03133
1200   2.873790   0.02903
1210   2.870100   0.02686
1220   2.866120   0.02485
1230   2.861780   0.02307
1240   2.857020   0.02161
1250   2.851770   0.02066
1260   2.846050   0.02044
1270   2.839950   0.02126
1280   2.833710   0.02342
1290   2.827780   0.02719
1300   2.822740   0.03265
1310   2.819280   0.03963
1320   2.818030   0.04763
1330   2.819430   0.05589
1340   2.823570   0.06344
1350   2.830120   0.06934
1360   2.838390   0.07282
1370   2.847470   0.07347
1380   2.856350   0.07125
1390   2.864140   0.06652
1400   2.870210   0.05986
1410   2.874190   0.05203
1420   2.876030   0.04377
1430   2.875910   0.0357
1440   2.874170   0.02832
