450    2.080160   0.08326
460    2.058790   0.08939
470    2.041230   0.09461
480    2.026780   0.0989
490    2.014850   0.10224
500    2.004950   0.10467
510    1.996670   0.10625
520    1.989680   0.10704
530    1.983700   0.10711
540    1.978520   0.10655
550    1.973940   0.10545
560    1.969840   0.10387
570    1.966080   0.10191
580    1.962590   0.09962
590    1.959290   0.09707
600    1.956130   0.09433
610    1.953060   0.09143
620    1.950060   0.08844
630    1.947110   0.08537
640    1.944180   0.08228
650    1.941270   0.07918
660    1.938370   0.0761
670    1.935480   0.07306
680    1.932590   0.07008
690    1.929710   0.06716
700    1.926830   0.06431
710    1.923960   0.06155
720    1.921090   0.05888
730    1.918240   0.05631
740    1.915390   0.05383
750    1.912550   0.05144
760    1.909720   0.04916
770    1.906900   0.04697
780    1.904080   0.04488
790    1.901270   0.04288
800    1.898440   0.04098
810    1.895590   0.03918
820    1.892710   0.03748
830    1.889790   0.03591
840    1.886800   0.03449
850    1.883760   0.03323
860    1.880650   0.0322
870    1.877490   0.03142
880    1.874310   0.03095
890    1.871170   0.03084
900    1.868130   0.03111
910    1.865290   0.03178
920    1.862750   0.03283
930    1.860600   0.03421
940    1.858930   0.03585
950    1.857800   0.03763
960    1.857250   0.03942
970    1.857260   0.04111
980    1.857790   0.04255
990    1.858770   0.04364
1000   1.860100   0.0443
1010   1.861650   0.04447
1020   1.863310   0.04414
1030   1.864950   0.04331
1040   1.866470   0.04203
1050   1.867790   0.04036
1060   1.868830   0.03837
1070   1.869560   0.03615
1080   1.869960   0.03377
1090   1.870020   0.03133
1100   1.869770   0.02887
1110   1.869230   0.02648
1120   1.868430   0.02417
1130   1.867420   0.02201
1140   1.866230   0.02
1150   1.864900   0.01816
1160   1.863480   0.0165
1170   1.861990   0.01501
1180   1.860470   0.01368
1190   1.858930   0.01252
1200   1.857410   0.01149
1210   1.855910   0.0106
1220   1.854440   0.00982
1230   1.853020   0.00914
1240   1.851650   0.00855
1250   1.850330   0.00803
1260   1.849060   0.00758
1270   1.847850   0.00718
1280   1.846680   0.00683
1290   1.845570   0.00652
1300   1.844510   0.00624
1310   1.843490   0.00599
1320   1.842510   0.00576
1330   1.841570   0.00555
1340   1.840680   0.00536
1350   1.839810   0.00518
1360   1.838980   0.00502
1370   1.838180   0.00486
1380   1.837410   0.00472
