450    2.224620   0.21365
460    2.208230   0.19597
470    2.192150   0.18181
480    2.176720   0.17081
490    2.162200   0.16266
500    2.148850   0.15715
510    2.137040   0.15413
520    2.127410   0.1535
530    2.121560   0.15405
540    2.118130   0.15331
550    2.115710   0.15151
560    2.113790   0.14896
570    2.112060   0.14591
580    2.110410   0.14255
590    2.108750   0.13904
600    2.107080   0.13549
610    2.105400   0.13198
620    2.103730   0.12856
630    2.102110   0.12523
640    2.100540   0.12201
650    2.099050   0.1189
660    2.097640   0.11586
670    2.096310   0.1129
680    2.095060   0.10998
690    2.093870   0.1071
700    2.092730   0.10423
710    2.091620   0.10138
720    2.090530   0.09853
730    2.089420   0.09569
740    2.088280   0.09286
750    2.087110   0.09005
760    2.085870   0.08727
770    2.084570   0.08453
780    2.083200   0.08185
790    2.081740   0.07924
800    2.080220   0.07671
810    2.078610   0.07429
820    2.076950   0.07199
830    2.075220   0.06981
840    2.073440   0.06778
850    2.071640   0.06589
860    2.069810   0.06415
870    2.067980   0.06257
880    2.066160   0.06114
890    2.064360   0.05987
900    2.062610   0.05875
910    2.060910   0.05776
920    2.059280   0.05691
930    2.057720   0.05619
940    2.056250   0.05558
950    2.054880   0.05507
960    2.053610   0.05464
970    2.052440   0.05429
980    2.051380   0.054
990    2.050420   0.05376
1000   2.049570   0.05355
1010   2.048830   0.05337
1020   2.048180   0.0532
1030   2.047630   0.05303
1040   2.047170   0.05285
1050   2.046790   0.05265
1060   2.046480   0.05244
1070   2.046240   0.05219
1080   2.046070   0.05191
1090   2.045940   0.0516
1100   2.045860   0.05124
1110   2.045810   0.05084
1120   2.045790   0.05039
1130   2.045790   0.0499
1140   2.045810   0.04937
1150   2.045830   0.04879
1160   2.045860   0.04817
1170   2.045880   0.04751
1180   2.045890   0.04681
1190   2.045880   0.04608
1200   2.045860   0.04532
1210   2.045810   0.04452
1220   2.045730   0.0437
1230   2.045610   0.04285
1240   2.045460   0.04199
1250   2.045270   0.0411
1260   2.045040   0.0402
1270   2.044750   0.0393
1280   2.044410   0.03839
1290   2.044010   0.03747
1300   2.043540   0.03657
1310   2.043000   0.03568
1320   2.042380   0.03481
1330   2.041670   0.03398
1340   2.040880   0.03321
1350   2.039990   0.03252
1360   2.039010   0.03192
1370   2.037950   0.03145
1380   2.036820   0.03114
1390   2.035650   0.031
1400   2.034460   0.03107
1410   2.033300   0.03136
1420   2.032220   0.03188
1430   2.031260   0.03262
1440   2.030480   0.03357
