450    1.901240   0.10786
460    1.893420   0.10298
470    1.886340   0.09956
480    1.880100   0.09742
490    1.874810   0.09648
500    1.870730   0.0967
510    1.868650   0.09798
520    1.868960   0.09843
530    1.870170   0.09755
540    1.871630   0.09559
550    1.872990   0.0928
560    1.874060   0.08946
570    1.874740   0.08581
580    1.875070   0.08205
590    1.875130   0.07832
600    1.875010   0.0747
610    1.874830   0.07117
620    1.874650   0.06768
630    1.874490   0.06416
640    1.874300   0.06053
650    1.874030   0.05675
660    1.873570   0.05281
670    1.872850   0.04875
680    1.871800   0.04464
690    1.870390   0.04056
700    1.868620   0.0366
710    1.866500   0.03285
720    1.864100   0.02937
730    1.861460   0.0262
740    1.858660   0.02339
750    1.855750   0.02094
760    1.852810   0.01885
770    1.849880   0.0171
780    1.847020   0.01567
790    1.844260   0.01453
800    1.841640   0.01364
810    1.839180   0.01295
820    1.836890   0.01243
830    1.834780   0.01204
840    1.832830   0.01172
850    1.831040   0.01146
860    1.829370   0.01121
870    1.827810   0.01096
880    1.826310   0.01068
890    1.824840   0.01038
900    1.823360   0.01005
910    1.821820   0.00972
920    1.820190   0.00943
930    1.818430   0.00921
940    1.816520   0.00917
950    1.814490   0.00937
960    1.812390   0.00991
970    1.810310   0.01088
980    1.808370   0.01232
990    1.806760   0.01424
1000   1.805630   0.01656
1010   1.805120   0.01916
1020   1.805350   0.02185
1030   1.806340   0.02442
1040   1.808040   0.02663
1050   1.810330   0.0283
1060   1.813020   0.02929
1070   1.815910   0.02952
1080   1.818780   0.02898
1090   1.821420   0.02776
1100   1.823690   0.02595
1110   1.825480   0.02372
1120   1.826720   0.02121
1130   1.827430   0.01858
1140   1.827620   0.01597
1150   1.827370   0.01347
1160   1.826750   0.01118
1170   1.825840   0.00913
1180   1.824720   0.00734
1190   1.823480   0.00583
1200   1.822170   0.00457
1210   1.820840   0.00355
1220   1.819530   0.00273
1230   1.818260   0.00209
1240   1.817060   0.00159
1250   1.815930   0.0012
1260   1.814870   0.000912783
1270   1.813890   0.000695293
1280   1.812980   0.000533404
1290   1.812140   0.000413583
1300   1.811360   0.000325195
1310   1.810630   0.000260044
1320   1.809950   0.000211912
1330   1.809310   0.000176156
1340   1.808720   0.000149351
1350   1.808160   0.000128998
1360   1.807630   0.000113294
1370   1.807130   0.000100946
1380   1.806650   9.10316e-05
1390   1.806200   8.28994e-05
1400   1.805760   7.6087e-05
1410   1.805350   7.02678e-05
1420   1.804950   6.521e-05
1430   1.804570   6.07482e-05
1440   1.804200   5.67634e-05
