450    2.167910   0.19783
460    2.162200   0.19265
470    2.157490   0.18766
480    2.153570   0.18275
490    2.150240   0.17785
500    2.147340   0.17296
510    2.144750   0.1681
520    2.142390   0.16333
530    2.140230   0.15871
540    2.138330   0.15432
550    2.136880   0.1502
560    2.136110   0.14583
570    2.135490   0.14099
580    2.134800   0.13583
590    2.133940   0.13045
600    2.132830   0.12494
610    2.131450   0.1194
620    2.129780   0.11389
630    2.127810   0.10847
640    2.125550   0.10323
650    2.123000   0.09824
660    2.120200   0.09356
670    2.117220   0.08927
680    2.114140   0.08542
690    2.111090   0.082
700    2.108160   0.079
710    2.105460   0.07632
720    2.103020   0.07386
730    2.100850   0.0715
740    2.098900   0.06913
750    2.097080   0.0667
760    2.095290   0.06418
770    2.093450   0.06159
780    2.091500   0.05899
790    2.089410   0.05645
800    2.087170   0.05403
810    2.084810   0.0518
820    2.082390   0.04978
830    2.079930   0.048
840    2.077500   0.04646
850    2.075140   0.04514
860    2.072880   0.04403
870    2.070750   0.0431
880    2.068760   0.0423
890    2.066910   0.04163
900    2.065210   0.04103
910    2.063660   0.04051
920    2.062230   0.04002
930    2.060940   0.03956
940    2.059760   0.0391
950    2.058680   0.03865
960    2.057700   0.03819
970    2.056800   0.03771
980    2.055960   0.03722
990    2.055190   0.0367
1000   2.054460   0.03615
1010   2.053780   0.03558
1020   2.053130   0.03499
1030   2.052510   0.03437
1040   2.051910   0.03373
1050   2.051320   0.03306
1060   2.050740   0.03238
1070   2.050170   0.03167
1080   2.049590   0.03095
1090   2.049010   0.03022
1100   2.048420   0.02948
1110   2.047820   0.02873
1120   2.047210   0.02798
1130   2.046580   0.02722
1140   2.045940   0.02646
1150   2.045270   0.02571
1160   2.044580   0.02495
1170   2.043860   0.02421
1180   2.043120   0.02347
1190   2.042330   0.02273
1200   2.041510   0.02201
1210   2.040640   0.0213
1220   2.039720   0.02061
1230   2.038710   0.01994
1240   2.037620   0.0193
1250   2.036400   0.01871
1260   2.035030   0.01822
1270   2.033490   0.01788
1280   2.031780   0.01779
1290   2.029930   0.01807
1300   2.028040   0.01883
1310   2.026290   0.02015
1320   2.024900   0.02206
1330   2.024120   0.02446
1340   2.024170   0.02717
1350   2.025190   0.02986
1360   2.027160   0.03217
1370   2.029930   0.03378
1380   2.033200   0.03444
1390   2.036610   0.03402
1400   2.039800   0.03259
1410   2.042450   0.03031
1420   2.044360   0.02745
1430   2.045470   0.0243
1440   2.045790   0.02113
