450    2.722120   0.70877
460    2.714500   0.68459
470    2.708430   0.66268
480    2.703850   0.64226
490    2.700510   0.62274
500    2.698060   0.60369
510    2.696120   0.58487
520    2.694330   0.56619
530    2.692400   0.54767
540    2.690110   0.52941
550    2.687320   0.51158
560    2.683970   0.49431
570    2.680070   0.47778
580    2.675680   0.46211
590    2.670890   0.44742
600    2.665830   0.43379
610    2.660650   0.42127
620    2.655510   0.4099
630    2.650580   0.39968
640    2.646110   0.3906
650    2.642380   0.38264
660    2.640040   0.37566
670    2.639380   0.36826
680    2.639340   0.36007
690    2.639510   0.35123
700    2.639650   0.34187
710    2.639620   0.33208
720    2.639300   0.32197
730    2.638600   0.31163
740    2.637470   0.30115
750    2.635860   0.29061
760    2.633740   0.28011
770    2.631120   0.26973
780    2.627980   0.25954
790    2.624330   0.24963
800    2.620210   0.24005
810    2.615640   0.23087
820    2.610650   0.22216
830    2.605310   0.21395
840    2.599650   0.2063
850    2.593750   0.19924
860    2.587660   0.1928
870    2.581440   0.18698
880    2.575180   0.1818
890    2.568930   0.17726
900    2.562760   0.17333
910    2.556740   0.17001
920    2.550910   0.16725
930    2.545350   0.16502
940    2.540090   0.16328
950    2.535160   0.16198
960    2.530620   0.16107
970    2.526480   0.16049
980    2.522750   0.16018
990    2.519450   0.1601
1000   2.516580   0.16017
1010   2.514130   0.16035
1020   2.512090   0.16059
1030   2.510440   0.16085
1040   2.509170   0.16107
1050   2.508240   0.16122
1060   2.507620   0.16126
1070   2.507290   0.16118
1080   2.507210   0.16094
1090   2.507350   0.16052
1100   2.507670   0.15992
1110   2.508130   0.15913
1120   2.508710   0.15813
1130   2.509380   0.15692
1140   2.510090   0.15552
1150   2.510830   0.15392
1160   2.511570   0.15212
1170   2.512280   0.15015
1180   2.512940   0.148
1190   2.513520   0.14569
1200   2.514020   0.14324
1210   2.514410   0.14065
1220   2.514660   0.13795
1230   2.514780   0.13514
1240   2.514740   0.13225
1250   2.514530   0.12928
1260   2.514130   0.12627
1270   2.513530   0.12323
1280   2.512720   0.12018
1290   2.511680   0.11716
1300   2.510400   0.11419
1310   2.508880   0.1113
1320   2.507110   0.10854
1330   2.505090   0.10596
1340   2.502830   0.1036
1350   2.500350   0.1015
1360   2.497680   0.09973
1370   2.494860   0.09834
1380   2.491940   0.09736
1390   2.489000   0.09684
1400   2.486110   0.0968
1410   2.483360   0.09725
1420   2.480830   0.09818
1430   2.478630   0.09957
