450    2.123670   0.13349
460    2.106840   0.12596
470    2.092220   0.12056
480    2.079610   0.11667
490    2.068800   0.11386
500    2.059560   0.11191
510    2.051820   0.11075
520    2.046000   0.11027
530    2.042070   0.10908
540    2.038860   0.10707
550    2.035960   0.10455
560    2.033190   0.10173
570    2.030510   0.0988
580    2.027900   0.09584
590    2.025380   0.0929
600    2.022970   0.09001
610    2.020660   0.08714
620    2.018440   0.08431
630    2.016280   0.08148
640    2.014160   0.07866
650    2.012040   0.07585
660    2.009880   0.07307
670    2.007660   0.07035
680    2.005370   0.06772
690    2.003000   0.06521
700    2.000560   0.06286
710    1.998070   0.0607
720    1.995550   0.05875
730    1.993030   0.05702
740    1.990540   0.05552
750    1.988120   0.05425
760    1.985800   0.0532
770    1.983610   0.05235
780    1.981570   0.05168
790    1.979700   0.05115
800    1.978010   0.05075
810    1.976510   0.05043
820    1.975190   0.05017
830    1.974050   0.04995
840    1.973090   0.04972
850    1.972290   0.04948
860    1.971620   0.0492
870    1.971080   0.04886
880    1.970650   0.04846
890    1.970300   0.04798
900    1.970010   0.04741
910    1.969760   0.04676
920    1.969540   0.04603
930    1.969320   0.04521
940    1.969090   0.04431
950    1.968840   0.04334
960    1.968540   0.04231
970    1.968190   0.04121
980    1.967770   0.04007
990    1.967280   0.03889
1000   1.966680   0.03767
1010   1.965980   0.03644
1020   1.965150   0.0352
1030   1.964170   0.03397
1040   1.963030   0.03279
1050   1.961710   0.03169
1060   1.960180   0.03072
1070   1.958450   0.02994
1080   1.956540   0.02943
1090   1.954470   0.02926
1100   1.952330   0.02952
1110   1.950220   0.03027
1120   1.948270   0.03155
1130   1.946630   0.03333
1140   1.945460   0.03558
1150   1.944910   0.03817
1160   1.945080   0.04095
1170   1.946030   0.04371
1180   1.947750   0.04626
1190   1.950190   0.04839
1200   1.953210   0.04992
1210   1.956630   0.05073
1220   1.960270   0.05074
1230   1.963910   0.04996
1240   1.967370   0.04841
1250   1.970490   0.0462
1260   1.973140   0.04345
1270   1.975240   0.04029
1280   1.976750   0.03689
1290   1.977670   0.03337
1300   1.978040   0.02987
1310   1.977910   0.02648
1320   1.977340   0.02329
1330   1.976420   0.02034
1340   1.975230   0.01768
1350   1.973830   0.01532
1360   1.972290   0.01325
1370   1.970680   0.01146
1380   1.969040   0.00993
1390   1.967410   0.00864
1400   1.965810   0.00755
1410   1.964260   0.00664
1420   1.962780   0.00587
1430   1.961380   0.00524
1440   1.960050   0.00471
