450    2.877430   0.85015
460    2.889420   0.83366
470    2.901350   0.81326
480    2.911640   0.79041
490    2.919670   0.76666
500    2.925550   0.74332
510    2.929860   0.72127
520    2.933380   0.7009
530    2.936870   0.68217
540    2.940910   0.66472
550    2.945820   0.648
560    2.951630   0.63142
570    2.958150   0.61449
580    2.965030   0.59685
590    2.971840   0.57833
600    2.978160   0.55893
610    2.983660   0.53879
620    2.988180   0.51813
630    2.991510   0.49693
640    2.993330   0.47554
650    2.993600   0.45434
660    2.992380   0.43363
670    2.989810   0.41369
680    2.986080   0.3947
690    2.981400   0.37679
700    2.975970   0.36003
710    2.970010   0.34442
720    2.963680   0.32994
730    2.957150   0.31653
740    2.950530   0.30411
750    2.943920   0.2926
760    2.937380   0.28189
770    2.930950   0.2719
780    2.924650   0.26254
790    2.918490   0.25375
800    2.912460   0.24547
810    2.906550   0.23764
820    2.900740   0.23025
830    2.895020   0.22325
840    2.889380   0.21665
850    2.883800   0.21043
860    2.878290   0.2046
870    2.872860   0.19914
880    2.867490   0.19407
890    2.862230   0.18938
900    2.857070   0.18507
910    2.852040   0.18114
920    2.847170   0.17757
930    2.842490   0.17435
940    2.838000   0.17147
950    2.833740   0.1689
960    2.829730   0.16661
970    2.825980   0.16457
980    2.822500   0.16276
990    2.819310   0.16113
1000   2.816410   0.15966
1010   2.813790   0.15831
1020   2.811460   0.15704
1030   2.809410   0.15582
1040   2.807620   0.15462
1050   2.806070   0.15342
1060   2.804760   0.15218
1070   2.803650   0.15089
1080   2.802740   0.14953
1090   2.801980   0.14807
1100   2.801370   0.14652
1110   2.800870   0.14485
1120   2.800460   0.14307
1130   2.800120   0.14117
1140   2.799830   0.13914
1150   2.799560   0.137
1160   2.799290   0.13474
1170   2.799010   0.13236
1180   2.798700   0.12989
1190   2.798330   0.12731
1200   2.797900   0.12465
1210   2.797390   0.12191
1220   2.796780   0.1191
1230   2.796070   0.11623
1240   2.795240   0.11332
1250   2.794290   0.11036
1260   2.793190   0.10739
1270   2.791940   0.1044
1280   2.790520   0.10141
1290   2.788920   0.09844
1300   2.787120   0.09551
1310   2.785110   0.09265
1320   2.782860   0.08988
1330   2.780360   0.08725
1340   2.777600   0.0848
1350   2.774580   0.08259
1360   2.771310   0.0807
1370   2.767810   0.07919
1380   2.764130   0.07814
1390   2.760340   0.07763
1400   2.756530   0.07772
1410   2.752820   0.07846
1420   2.749340   0.07986
1430   2.746240   0.08191
1440   2.743670   0.08456
